280542589633167702957104032856957789371
251323507428997727311392102612658988631
87375061467061776782622603894071352320
285379839997795727972885748368459724506
239498457090719621219616831414790985418
6689520936452030014698530750250405449
268073201568112042994350089683733311851
261919118414748797321918780753629134856
197181262008499287641267329214353658674
314649350824640322080858015206289050867
101811771651636703775451078994375981552
234963270754847954408792316384732238928
42263513938749454762746323718740986289
249210289046974860394562771391924512694
239474028775682454752734152742464599315
17808053207044514192625701558923663249
103777611540577403108656487168108050416
219928582325830766332979536620560569495
248756734051888075668399331968429335043
175298138274881458872809351459705019858
82906252931327787541784469626081511536
235990075066618689515918698048519338199
221440357359624020284132038213765836117
310010096276229667940380268426252452370
21270105579566965879832133567651570497
131377901283221986883119305602705129746
329722920398525048926238165009776389555
160012331603112201866009893591572808460
88313502114049101469896184276256098792
194713490510474163322594963472421739651
223500408457973120019929377031636525643
111918322665590253950002196208970907155
216713313593553350242741346212050927559
12835207687714572024305673443007356905
172360894958379778672685726599519436441
254226877001001513850764513946209991277
334054272234487993348977826351255396754
192568123450862389144539286018994025272
313850884050286712493997813196458324169
122642413247126151990475003017975033524
79724289552403869724678065848555612318
177391299884325083206927491355008683250
278766942220271069449066020791791450341
324368926979700553862146441665381252138
132237261291089737231849189258935025717
118634562513110040996186019093757604981
105833104687760626970013223995264879959
268012304900279848719267253159289614220
110216804299433346300817695734298341298
175765424803758436517662526194951688219
234313263431134380430733082810932568267
327863853877564467200914478719809776134
283134986664140631930064571807130744910
224983825248969193569303461711879547652
174796250045194165457240491338134799609
16323038939463488579659475255777444424
202942183327097704259587467961214734442
289756353114204459632532214046426786201
336922792019441917333444734757259291581
254879393453881978702292785272875054851
300087579857811965523332546540815525305
322550961930453125014000133325839493194
249510547122548065577964481747114787764
195603380887441920033862776860730851477
56497090379550567651241391986574949512
30655001848181480507807672200507148689
171897380229720274696919622483296432635
77576527180243319184615381277338796442
313167217018727075631303063014503868811
7816753209688524531092358503257307232
17433820892666959147842461088122909066
22133083088220621053342547128978102839
66076708507813070220453735099136997618
214891626588508338518475506239460692485
280333885309346938694635776930905113703
34782535567383961875160693938881237726
197818414029586152049984526239374030652
61124497974963353499117319910461231939
57503224271076577836761743552424324743
286231005241675151621888075888444958154
305905127865094118620875628390564198607
117053075327745201269066623499144694930
339890374031498793481818948267304999357
21057117359825793888174165346056859591
311966615508021890262406096649843021264
158595208537055312139920639384033046004
116422967324110704264252516651795142184
293204868163676228458834354162088287116
233690494195423505128298268241064943982
219246465911762121061309945514544973736
58816736263884100967227058614972618276
301775680385008350714348909853235929894
268076657913837060754617210366523493063
193962913237104940231277758947455844537
321335137486896897581291775801483512785
26884056182229067843194650792067602210
199712527046702632521967279894873570799
100188877729446992179808025011978035475
215749374580656988590049496146526389072
230591842674954828657658505805309593521
223812425086477195816947380835510934890
6955247080744555708050889396056135477
115215616721625022009400962385584316235
71269062676660933486544790217027339321
21182930920597642468289172580278776245
269394436054657676655650637813500614708
260399022863791289043006412887010241042
64397133351092736563590188659478203439
319882566622059114711549834795128613061
33023066168148548519790390944962193187
314436545818132190445340278265531917540
252939949408974988560375596485363186307
203593938472074410784160756408053877003
117748224079486403662197973527265160650
6872812033421439981227865425762620388
262002593252386529858554740691195561538
238056603036440167155828072280075902204
2527631728233109591520415292582977454
151730342472164405869373337182864326373
45204425557160864140252462137924019707
29841567451316118561622283970904738644
118927859026640079942529368989090195026
33545868497095364290335979199609466939
324973731850322285794784343575502573314
120156835660854835883345645065262939697
215845637725705098263881237597571849825
254329848643306579160640549932240444840
7487885969270943962097750177320017188
59973629915925033644447716416448545855
267602991429101063150180662316183592175
199033097937991774201969036909203823028
273845182000839101817440150393103510207
214062915599625234911927187099117362595
322459867872409001973486100502275417770
248639732477797628414161797170136579034
13973482483639104562518668211405632467
3257209490184731627278584374385503792
175220239027069482859964792268288528178
204730616803130391581334559939667958364
100883639148354464852304978850350551875
134032487934800181205883689716004691532
192771238899172201298176424823599836476
13430115797697434632794854220312799310
185885792438326170043152409983013156724
30646544682864567164844949772819143154
76277460122112507856606233192253883750
136736641833012441475335026999212304433
51734280256113916696925138352148550660
196670187776687117934146337791625729500
208481531630071238782175778418656843001
135311290504034408165129355889384478522
112545354665075293081779176589030526000
52565722856919430378966542784845695849
191261397056249920202045241275961174976
121234134020505966139411644352401378749
44847517425020237819350993731318623222
217305885748488071432037238348811498440
178566685158178595216515600745335999500
94827146249398454914974056671270654279
132046977600656477909421861623721726868
265887269345394167614962092950897181293
51794034132901634262669617419566005767
137516563381466444262223457597988553593
239128935340512044953394502238828748238
275491471064311898671424981443748228442
249958257834130768051306058090673841435
123943956424821889818794943956549662500
143234331912818435982120452721130445136
186498103407610183213325119510106792539
103549010911423604693225843609061364979
139591933811110137974867404920408258551
80888197198324322037271594755402767163
254718333929936715927998028891090706981
320589320500200566399799074112627499703
46180299319722410568118986448352918036
285297303335533083418041616909432346249
831057042008937886457528730128194230
46674920737128360098858917478451230148
22854193891137684885712185819062507928
209369839674844634377710104459169608206
109605014161916968217570812168262689875
116945036912026766949031898211996539879
253345346094715888116083455963392334620
120625058039223950631830948164573457638
181995848455285423900466317110812647884
1907489022178092308878209804249424037
234326706212368200254256086624049582723
117980312072852142630380412413631870903
40450635184949561761375747899414129684
190430568933566600699854967081755881296
59795307586601437009598166154409594331
271892375329507725097449247513110128391
216949102217145787947282527659984497453
285212639256032115608278702220610413495
294249909195536365399276440372975022907
325576607008854340373110985633638881411
314949896653376493615622362084489504648
288495071515634288672329197503766065503
259891014014231507638065302282138335245
296050947023327049845185740865922663491
